RMSE 3.55879402102922
Av. abs error 2.53337971552437
Pearson Correlation 0.992462190684642
Spearman Correlation 0.98957099698045
Orness 0.529772542272563
i Shapley i
1 0.273870573870577
2 0.301551226551394
3 0.220537795537936
4 0.204040404040449
binary number fm.weights
1 0.179487179487191
2 0.214285714285701
3 0.400000000000108
4 0.117216117216137
5 0.179487179487191
6 0.954545454545463
7 0.954545454545558
8 0.0357142857143169
9 0.892857142856606
10 0.214285714285695
11 1.00000000000009
12 0.142857142857174
13 1
14 1.00000000000027
15 1.00000000000036
